function colors = default_plot_colors()
% Returns array containing RGB values for the default Matlab plotting color order
colors = [0 0.447 0.741; ...
    0.850 0.325 0.098; ...
    0.929 0.694 0.125; ...
    0.494 0.184 0.556; ...
    0.466 0.674 0.1880; ...
    0.301 0.745 0.933; ...
    0.635 0.078 0.184];
end